name: meta_fstdrFold 1
y_test: [1,0,0,0,1,0,1,1,1,1,0,0,0,0,1,0,0,1,1,1,0,1,1,0,0,1,0,1,1,1,1,1,0,0,0,0,0,1,0,1,0,0,1,1,1,1,0,0,0,1,1,0,0,1,1,0,0,0,1,1,0,0,1,1,0,1,0,0,0,0,0,0,1,1,0,1,0,0,1,1,0,0,0,0,1,1,1,0,0,1,1,0,0,1,0,0,0,0,1,1]
y_pred: [6.5629635,-4.8996863,-4.8685756,-3.2588077,4.9030824,-8.233364,12.842111,8.238689,3.330389,10.024099,-4.385803,-3.310466,-7.51608,-9.355621,7.675095,-6.6555247,-6.6181855,7.5057154,5.531821,8.707328,-8.554581,26.753258,11.688014,-4.2651906,-5.235234,11.449709,-6.2219954,13.041565,10.35201,5.8206487,6.9348717,8.853541,-6.527403,-11.639037,-12.135483,-4.2311826,-20.019627,16.195837,-4.629677,6.094665,-4.220164,-5.4160843,13.576066,9.127219,18.773222,14.567147,-6.815799,-8.414204,-6.0067344,13.943453,8.454395,-7.3007145,-7.7515745,7.48283,10.679379,-5.2445784,-4.4816484,-5.3398476,8.462078,6.981424,-6.404505,-5.0176535,8.042223,2.5458403,-6.2124043,14.670245,-4.2461863,-7.8973694,-4.5715547,-4.2465277,-7.576845,-6.6152325,10.591293,2.4418664,-2.5765088,14.458572,-1.4359784,-15.259971,6.6443152,10.068896,-6.2099757,-3.2152302,-3.528679,-3.5925016,16.775612,7.514112,5.78372,-7.348262,-9.472191,15.354532,12.928413,-11.175998,-7.0068264,16.310953,-4.2851777,-10.636809,-4.0272117,-7.8808937,7.0875363,6.2343507]
name: meta_fstdrFold 2
y_test: [0,0,0,0,1,0,1,0,0,0,1,1,0,0,0,0,1,0,0,0,0,0,0,1,0,0,0,0,1,1,0,1,0,0,0,1,0,0,1,1,1,1,1,0,0,1,1,0,0,1,0,1,0,1,1,0,1,0,0,0,0,0,0,1,0,1,1,0,0,1,0,1,0,1,1,1,1,0,1,1,1,0,1,1,1,0,1,0,1,1,0,1,0,0,1,1,1,0,0,1]
y_pred: [-5.3816705,-1.8874507,-3.8639505,-3.427461,3.9262617,-10.920449,2.666539,-6.1635184,-4.239839,-4.3009877,8.325353,12.521756,-5.9562364,-1.8562562,-5.4215403,-5.507217,13.504777,-11.446852,-5.1570234,-6.3890114,-5.9197087,-4.9499574,-5.3249116,10.586712,-5.29133,-10.895908,-9.958538,-9.650825,9.304581,8.304058,-5.641763,7.3972774,-13.292956,-3.29488,-7.906112,8.615345,-6.08528,-12.8645735,12.313469,12.943338,10.718734,6.2724195,10.734147,-2.4472551,-6.6990705,12.026844,9.833673,-5.343193,-4.785191,9.773537,-4.6629596,13.661837,-9.192954,13.047243,16.323519,-3.5471075,8.746129,-11.009535,-14.47892,-8.4781885,-9.387691,-10.613569,-6.818474,6.2615876,-5.843772,18.25946,14.2102,-6.140588,-8.186838,9.192628,-5.184072,7.930587,-3.8679326,7.932518,8.645465,9.469637,14.32548,-5.0753202,6.5591283,5.0429993,5.8983426,-6.8207054,10.490659,8.314272,21.672892,-6.26351,18.251535,-7.057003,5.433409,20.107456,-3.8990898,10.098762,-8.913204,-4.361934,9.651891,4.811396,20.715437,-8.039782,-6.696675,7.713092]
name: meta_fstdrFold 3
y_test: [1,0,0,0,0,0,1,0,0,1,0,0,1,1,1,1,1,0,0,1,1,1,1,1,0,1,1,1,1,0,1,1,0,1,0,1,0,1,0,0,1,0,1,1,0,0,0,0,1,0,0,1,1,0,0,0,1,1,1,1,1,0,0,0,1,0,0,0,1,0,1,0,0,0,0,0,0,0,1,0,0,0,0,1,1,1,1,0,0,1,0,0,0,0,0,0,1,1,0,1]
y_pred: [9.636681,-7.1283116,-3.474281,-2.6326761,-1.6239877,-10.204774,10.205801,-10.48302,-2.3725648,4.292875,-7.225572,-7.732387,8.340686,7.882295,11.104722,5.3914375,6.9565687,-7.396518,-4.152483,11.1972275,7.851932,12.722384,7.8535914,9.232019,-2.6748314,16.17939,4.857377,5.198927,7.770287,-9.531261,9.122871,9.819697,-7.101965,6.734139,-9.378612,5.651294,-5.6913953,3.8865511,-4.8335547,-6.078286,8.110454,-8.842285,7.164509,6.644245,-6.1551156,-6.169413,-6.8392677,-5.6946287,7.5834255,-6.8715744,-13.631332,5.7326727,11.02302,-10.652681,-5.388635,-2.4681294,9.161127,12.295493,3.5493348,5.978274,7.079592,-5.451992,-2.2038648,-6.8515,8.10944,-3.6189177,-9.018404,-12.547619,9.859349,-5.687096,6.3003154,-9.082837,-11.616396,-7.9525657,-4.815055,-5.524373,-9.39612,-6.934706,4.4405365,-9.297316,-10.085082,-8.298896,-4.8630047,7.5695314,14.899995,13.334609,9.065525,-6.9635835,-5.804867,6.2877502,-6.412512,-5.571011,-6.836437,-8.907496,-7.437998,-5.9473004,5.5084004,4.722371,-5.660394,11.51428]
name: meta_fstdrFold 4
y_test: [0,1,1,1,0,0,0,1,1,1,0,1,0,1,0,0,1,1,0,1,1,1,0,0,0,0,1,1,0,0,0,0,1,0,1,0,0,1,1,0,0,0,0,0,0,1,0,0,1,1,1,1,0,1,0,1,1,1,0,1,0,1,1,0,1,0,0,1,0,0,1,0,1,1,1,0,0,0,0,0,0,0,1,0,0,0,1,0,1,0,1,0,0,1,0,1,1,0,0,1]
y_pred: [-2.9592068,4.9587584,5.9720335,10.750496,-2.4444551,-4.380612,-3.8392534,3.4541287,8.050044,9.198275,-5.543778,2.0758712,-15.199482,11.383239,-3.5563962,-4.538996,7.1470814,5.525184,-16.20839,3.682938,3.445567,0.5914879,-7.234468,-6.787137,-4.66831,-6.2228975,10.158875,7.9976063,-3.2105136,-3.7027671,-8.537031,-8.202667,8.692933,-8.266637,7.3056784,-6.032142,-9.52712,25.564817,8.483533,-4.661046,-14.235086,-4.263668,-7.965095,-5.998029,-7.0436807,5.2645907,-7.3562117,-3.6518683,7.271467,4.115219,17.047462,3.3144171,-7.8573303,14.772122,-8.176577,10.042336,13.75117,9.824149,-6.552582,6.459699,-12.755224,13.186005,6.7041764,-8.405264,11.238941,-11.788263,-7.94127,11.40447,-7.1594048,-6.063261,8.434647,-3.8742363,5.335713,7.089949,3.496141,-3.537847,-2.4939578,-5.8961945,-6.4087105,-8.868596,-6.618771,-4.215345,16.66843,-5.4869127,-4.584685,-6.203099,9.378679,-4.90165,10.852565,-5.196387,12.959015,-4.1244183,-9.46237,9.716341,-7.6682057,3.606693,9.865026,-3.258946,-4.2138343,17.173256]
name: meta_fstdrFold 5
y_test: [1,1,1,1,1,0,0,0,0,1,0,1,0,1,0,1,1,0,0,1,1,0,1,0,1,1,0,0,0,0,1,1,1,0,0,1,1,0,0,0,0,0,1,1,1,0,0,0,0,1,0,0,0,0,0,0,1,1,1,1,1,1,1,0,0,1,0,1,1,0,0,0,1,1,0,0,0,0,1,1,0,1,0,1,0,0,0,0,0,0,1,1,1,1,0,0,1,0,0,0]
y_pred: [-2.6788192,-8.952895,11.651404,9.4949465,-11.70945,-4.7657323,-0.7269402,-5.3463926,-12.832508,2.694027,8.506781,15.288233,-1.8362135,0.79500645,-12.101466,-8.849308,-5.8293414,-0.8167995,4.508642,3.881073,3.6658645,12.136426,7.94041,-11.169529,4.3453836,10.935675,-13.066656,-11.505908,-10.580715,3.6702268,-7.6421514,5.4395914,-15.555731,-5.561621,-3.5640068,4.751891,-2.0602813,9.996661,-5.494749,-3.543419,1.9832618,12.676203,9.219853,-1.1771634,-0.45897105,-10.481666,8.056919,-8.643938,-4.304722,-11.375087,5.129873,-2.7253833,2.2250836,-7.4178457,-10.93632,-11.862642,-5.2563605,0.11407013,-3.5295415,-12.141859,19.646776,13.441218,18.72816,2.0468965,-8.191076,8.417842,6.926477,11.361468,-9.37441,-9.751323,-0.40457717,-7.8891416,10.571537,-8.2546835,-6.198213,6.7793984,1.399998,-2.6112366,6.4669194,-7.4367766,-2.5171783,14.232218,-9.445427,-9.698584,-6.0008936,-2.8064995,-14.340682,-6.7942276,-7.6017513,-2.978388,2.230441,14.797627,-2.929689,-8.486673,7.1454473,-10.593136,-4.566552,-0.02753481,5.2608743,-2.2964454]
name: meta_fstdr

Acurácia Média: 0.9260 ± 0.1480,
Recall Média: 0.9067 ± 0.1867

Precicion Média: 0.9200 ± 0.1600,
F1 Média: 0.9129 ± 0.1741

name: meta_fstdFold 1
y_test: [1,0,0,0,1,0,1,1,1,1,0,0,0,0,1,0,0,1,1,1,0,1,1,0,0,1,0,1,1,1,1,1,0,0,0,0,0,1,0,1,0,0,1,1,1,1,0,0,0,1,1,0,0,1,1,0,0,0,1,1,0,0,1,1,0,1,0,0,0,0,0,0,1,1,0,1,0,0,1,1,0,0,0,0,1,1,1,0,0,1,1,0,0,1,0,0,0,0,1,1]
y_pred: [6.127037,-9.153009,-8.022819,-6.7279553,5.435948,-9.237886,6.798675,13.805688,3.744451,7.294324,-5.0405407,-10.804001,-5.676864,-6.0230412,18.254662,-5.0248165,-6.03169,10.869273,7.3890705,10.148076,-8.021114,8.234549,10.566696,-5.4754467,-4.8543143,9.906489,-5.6590986,17.596947,13.169691,7.204169,7.190413,14.344435,-8.81618,-6.983603,-7.1451387,-3.6830716,-11.115451,8.265376,-4.032489,9.80775,-4.787607,-4.384282,4.6075244,9.052129,15.097246,12.048799,-8.283144,-5.626202,-5.9886203,8.394351,14.595893,-8.215001,-8.500264,9.432546,9.54627,-4.832497,-7.1745963,-7.6254325,13.268206,7.2031126,-10.402609,-4.6334515,7.7692027,6.8227654,-5.377228,9.322756,-5.915679,-5.62659,-6.3343797,-5.3387733,-7.4227147,-8.684139,6.137122,5.3700585,-11.543808,10.32679,-4.326029,-8.19662,8.134604,10.11644,-6.037177,-6.2422547,-7.1052327,-7.0129404,10.5470085,11.998741,4.4072556,-6.8157473,-7.37492,10.668697,9.4152975,-5.9467196,-5.977998,11.822505,-5.5583034,-4.7673283,-5.799055,-7.357029,8.13204,5.7052126]
name: meta_fstdFold 2
y_test: [0,0,0,0,1,0,1,0,0,0,1,1,0,0,0,0,1,0,0,0,0,0,0,1,0,0,0,0,1,1,0,1,0,0,0,1,0,0,1,1,1,1,1,0,0,1,1,0,0,1,0,1,0,1,1,0,1,0,0,0,0,0,0,1,0,1,1,0,0,1,0,1,0,1,1,1,1,0,1,1,1,0,1,1,1,0,1,0,1,1,0,1,0,0,1,1,1,0,0,1]
y_pred: [-8.896569,-8.652085,-8.138745,-6.0670776,11.19986,-10.156343,4.174674,-7.143286,-9.753056,-7.3932204,16.909426,11.588235,-11.913893,-10.007183,-6.286317,-8.418791,10.808882,-4.914165,-6.945084,-9.693778,-6.31461,-6.6269226,-9.269877,14.91547,-7.408541,-6.231616,-6.6151114,-15.214308,8.728124,9.581975,-10.671694,11.102847,-5.208444,-7.5644546,-7.772375,7.142166,-5.4430804,-9.312078,15.770364,9.1490345,8.164463,8.635674,10.490342,-8.776533,-7.745424,10.384462,6.8730288,-6.1931767,-6.824784,8.617378,-6.408302,12.836679,-5.995404,12.83614,11.706626,-5.922084,9.606874,-6.938887,-5.5590286,-7.970401,-12.621006,-9.504158,-6.332918,7.5218363,-8.506347,15.246987,6.723477,-5.683962,-7.8277926,8.033256,-8.257052,25.65947,-7.0086894,6.1396346,18.46447,11.826171,9.331967,-5.9384217,9.585164,8.618552,7.867252,-6.6000085,10.682017,6.266497,12.054934,-5.770079,13.858424,-8.84886,12.292062,18.887093,-7.1852384,7.9490366,-10.193496,-6.914977,7.1664,11.027616,16.937737,-6.2389283,-8.360472,9.484267]
name: meta_fstdFold 3
y_test: [1,0,0,0,0,0,1,0,0,1,0,0,1,1,1,1,1,0,0,1,1,1,1,1,0,1,1,1,1,0,1,1,0,1,0,1,0,1,0,0,1,0,1,1,0,0,0,0,1,0,0,1,1,0,0,0,1,1,1,1,1,0,0,0,1,0,0,0,1,0,1,0,0,0,0,0,0,0,1,0,0,0,0,1,1,1,1,0,0,1,0,0,0,0,0,0,1,1,0,1]
y_pred: [8.818583,-8.485346,-9.397337,-8.787113,-5.1687884,-7.8214393,5.619341,-12.5461235,-10.0459175,4.8164945,-6.924435,-8.651393,9.76289,6.7596745,12.176004,9.175811,9.32248,-5.2612543,-6.3278832,10.667111,9.861784,7.1692986,5.4105425,7.556579,-5.5461,12.257531,6.2214437,8.384983,10.229802,-7.759555,6.258781,6.6272244,-5.0324135,12.879457,-7.4332905,10.851549,-6.667658,5.721932,-4.936789,-7.993323,8.097679,-9.9268265,6.0283275,8.393658,-6.648349,-5.2939487,-8.466734,-11.069563,9.402713,-5.7569184,-7.6335163,9.110118,8.927301,-7.787961,-4.676747,-6.966303,8.428529,10.111095,6.186489,5.2387075,6.688399,-7.4878693,-6.9952455,-11.915279,10.400387,-8.075988,-7.366959,-7.467834,11.2055435,-8.257195,9.690034,-6.8640137,-9.837364,-10.533122,-9.316326,-9.399658,-7.8418474,-7.1575584,5.757847,-8.514608,-9.343772,-5.236952,-5.559987,5.8625937,9.207914,19.929106,10.970319,-8.992618,-7.709137,4.6736784,-5.903909,-5.7845216,-5.2276063,-6.22663,-8.757209,-5.110938,7.369058,6.448994,-9.164152,13.771743]
name: meta_fstdFold 4
y_test: [0,1,1,1,0,0,0,1,1,1,0,1,0,1,0,0,1,1,0,1,1,1,0,0,0,0,1,1,0,0,0,0,1,0,1,0,0,1,1,0,0,0,0,0,0,1,0,0,1,1,1,1,0,1,0,1,1,1,0,1,0,1,1,0,1,0,0,1,0,0,1,0,1,1,1,0,0,0,0,0,0,0,1,0,0,0,1,0,1,0,1,0,0,1,0,1,1,0,0,1]
y_pred: [-8.666492,5.188086,8.121195,5.5192175,-9.701226,-9.044963,-7.3011293,6.162979,8.59843,5.359708,-9.773696,6.4598055,-7.2535796,8.809881,-12.193384,-9.780093,10.193734,7.3943796,-6.4659066,7.0588293,3.3173637,6.9455357,-8.722933,-7.194737,-5.105693,-8.262982,8.584888,7.3741627,-7.2029986,-6.4439244,-5.8656306,-6.8048997,6.803598,-6.81957,9.012284,-6.707118,-7.275801,12.352055,8.563336,-8.786289,-6.4403577,-5.213613,-7.429509,-3.3642874,-9.418243,9.369837,-5.815122,-5.390642,9.95192,5.8173146,10.8284855,5.0782866,-6.827027,6.122287,-6.2489552,7.246795,9.3119955,10.039491,-6.966491,7.88712,-7.7247133,8.295108,11.599208,-5.374075,11.037367,-6.956589,-9.3798,11.536373,-6.522176,-8.551431,8.436903,-7.7498436,8.508105,7.1858926,10.423367,-10.930926,-6.9184375,-9.375678,-6.096843,-6.426498,-5.789731,-6.938171,7.775486,-7.1384926,-8.799031,-7.2632003,9.148345,-9.556929,6.272391,-11.220947,9.435046,-5.585098,-11.239553,9.669415,-5.3588586,10.408843,14.906927,-6.398227,-7.397735,21.137081]
name: meta_fstdFold 5
y_test: [1,1,1,1,1,0,0,0,0,1,0,1,0,1,0,1,1,0,0,1,1,0,1,0,1,1,0,0,0,0,1,1,1,0,0,1,1,0,0,0,0,0,1,1,1,0,0,0,0,1,0,0,0,0,0,0,1,1,1,1,1,1,1,0,0,1,0,1,1,0,0,0,1,1,0,0,0,0,1,1,0,1,0,1,0,0,0,0,0,0,1,1,1,1,0,0,1,0,0,0]
y_pred: [-10.247048,-9.000561,11.074733,-2.4052262,-2.2713547,-7.8120575,1.5153459,-2.0171895,-7.8348093,6.074644,0.33088323,22.939508,-10.320277,10.89875,-12.119337,-8.1912565,-5.5066557,-4.4096966,-12.53411,-6.905534,-5.4461546,-10.179214,1.8418547,-7.210231,-3.1051996,0.07253893,-10.868559,-10.522572,-0.3794605,-1.326257,4.861184,12.503194,-4.672657,-3.4113789,-7.233167,10.074,-9.539082,-2.0557213,-11.186909,-6.6736474,-3.472644,-4.747085,9.004335,0.97388136,0.7615797,-1.1806151,14.973749,10.79451,6.268897,-1.2156361,14.903915,-6.074302,-2.8331683,-7.207511,3.1474268,-2.8229778,-6.043787,4.8495893,-11.741369,2.6462734,9.978913,4.8442745,8.0636215,-0.9695438,-6.636639,-7.0752463,-0.7705983,15.731817,6.449425,-1.3685641,14.417887,-3.940382,-6.3552504,12.808207,7.119346,-7.2541475,-6.095807,-0.9822924,-3.6404474,4.1184416,0.9843233,9.892721,2.6498685,4.813467,1.7629377,-4.001981,-8.304999,-6.9730687,-0.46737748,-5.063371,-11.624578,10.801886,13.718805,-10.493499,-8.486884,-14.373326,2.5842013,4.032015,-1.7358142,-5.434662]
name: meta_fstd

Acurácia Média: 0.9360 ± 0.1280,
Recall Média: 0.9156 ± 0.1689

Precicion Média: 0.9333 ± 0.1333

F1 Média: 0.9238 ± 0.1524
name: meta_stdrFold 1
y_test: [1,0,0,0,1,0,1,1,1,0,0,0,0,1,0,0,1,1,1,1,0,1,0,0,1,0,1,1,1,1,1,0,0,0,0,0,0,0,1,1,0,0,1,1,1,1,0,0,1,0,1,0,0,1,1,0,1,0,0,1,0,0,1,1,0,0,1,0,0,0,0,0,1,1,0,1,0,0,1,0,1,0,0,0,1,1,1,0,0,1,0,1,0,1,0,0,0,0,1,1]
y_pred: [5.1726117,-4.4521575,-3.4385746,-3.8337057,5.5490265,-13.759668,7.7063127,2.422365,3.9141977,-5.8034334,-7.4802256,-7.7409596,-8.944316,8.898897,-7.9127827,-9.271832,16.64886,3.87568,9.966513,6.5175977,-10.650611,12.198505,-3.9432845,-5.355005,14.4714775,-12.020759,6.74203,6.742031,4.965215,11.309131,15.931853,-4.9209213,-7.510765,-12.664187,-1.4477415,-3.4865534,-24.417551,-4.180867,7.66394,9.23476,-4.271299,-7.845496,11.388571,11.895674,7.73665,4.21595,-7.51309,-8.069429,10.546216,-11.835925,11.571588,-11.193839,-8.592241,10.321012,9.648477,-5.5701766,5.4796906,-5.303355,-5.3857965,19.407146,-11.566195,-4.1650863,4.117554,11.584138,-3.2618108,-13.410979,11.130842,-15.3222685,-7.632065,-5.5790052,-6.8416433,-7.891476,6.4906225,4.8745446,-7.6136703,2.918972,-0.15422124,-5.7414565,8.986927,-7.9955506,8.997225,-6.2664576,-4.3860292,-5.5509605,9.609494,5.6529255,15.099489,-8.71537,-4.569243,1.197852,-5.8382673,10.579785,-6.713365,1.8335407,-6.320401,-18.45562,-6.9189286,-7.5188484,5.291385,7.522197]
name: meta_stdrFold 2
y_test: [1,0,0,0,1,0,0,1,0,0,0,1,1,0,1,0,0,0,0,0,0,0,0,1,1,0,0,1,0,0,0,1,1,1,0,1,0,0,0,0,0,1,1,1,0,1,1,0,0,1,0,1,0,1,0,1,0,0,0,0,0,0,0,1,1,0,1,0,0,1,1,0,1,1,1,1,0,1,1,1,0,1,1,1,0,0,0,1,1,0,1,1,0,0,1,1,1,0,0,1]
y_pred: [4.44779,-2.7872157,-0.2362259,-4.725424,23.240871,0.7987557,-10.698368,4.2964826,-5.480869,-6.529138,-4.728268,3.2543657,3.8284473,-7.019265,4.0621657,0.7374794,-2.026195,-5.917903,-6.9741063,-2.331715,-17.067574,-7.2750263,-4.362163,14.609611,10.163882,-6.5539746,-7.272604,7.6502304,-7.0163035,-12.365757,-9.318862,10.950954,2.621779,14.021933,-4.4393306,14.025078,-6.8091536,-0.37323356,-2.3864508,-9.278374,-5.797086,4.2777534,7.455784,2.547475,-5.6817584,19.420412,13.314709,-5.909355,-4.38073,14.3692465,-4.0970984,12.750982,-7.3888845,17.152414,-4.1777935,3.8614535,-12.720049,-7.888206,-6.312067,-5.044784,-9.557822,-3.688151,-11.567882,12.676368,13.7090435,-6.832328,11.727405,-8.568267,-8.009094,6.3931785,17.557169,-5.9403577,3.2338536,4.865374,7.4335194,19.784742,-5.687686,19.364302,8.241055,5.7231736,-6.7344203,3.8617318,12.644813,10.3328705,-5.3430443,-7.143566,-6.1956882,13.002259,20.235666,-2.9003592,17.164415,5.699727,-5.4023237,-8.593348,3.3843794,7.59064,12.451383,-7.1086035,-10.681757,8.581511]
name: meta_stdrFold 3
y_test: [1,1,1,0,0,0,0,0,1,0,0,1,0,0,1,1,1,0,1,0,1,1,1,1,1,0,1,1,1,1,1,0,0,0,1,0,0,0,0,1,1,1,0,1,0,0,1,0,0,1,0,0,1,1,0,0,0,1,1,1,1,1,0,0,0,1,0,0,0,0,1,1,0,0,0,0,0,0,0,1,0,0,0,1,1,1,0,1,0,1,0,0,0,0,0,0,1,1,0,1]
y_pred: [9.534099,6.981867,6.6255054,-1.5276896,-0.24012098,-0.06548941,1.4029449,-5.1272035,2.9426162,-1.6398854,-1.646999,4.9140725,-6.170738,-6.948275,5.1072874,2.8993168,3.5097888,-3.1858518,4.3245482,-2.6694512,6.1833344,8.861898,13.856131,0.58849597,0.64347607,-2.829851,9.582008,18.220514,6.226878,3.9209313,2.8954256,-4.8450313,-11.154888,-11.417449,2.665044,-9.499522,-7.0240045,-4.594258,-9.109349,4.594295,8.929973,15.622058,-14.2990465,2.6336374,-10.119535,-9.845959,8.063787,-15.516144,-5.7841268,8.699537,-5.22841,-10.132458,5.488058,7.5041385,-9.470961,-4.0121036,-1.1162955,4.865525,3.722683,4.1531615,3.4186726,13.143136,-3.5976827,-0.12563454,-3.9541636,4.716222,-3.7457917,-8.027775,-16.683092,-7.303777,6.9718924,14.751068,-3.8956947,-18.095861,-11.685966,-7.051456,-5.9617925,-5.582916,-4.635065,8.786336,-12.653378,-6.1519938,-3.0267594,8.132098,2.4305463,17.113241,-9.090913,3.1547773,-10.199476,3.079607,-4.796703,-4.289635,-8.410796,-11.899158,-10.725781,-4.69883,0.70084167,3.9327993,-12.681144,14.01654]
name: meta_stdrFold 4
y_test: [0,1,1,0,0,0,1,0,0,1,1,1,0,0,1,1,1,0,1,0,0,1,0,0,1,1,0,0,1,0,1,0,1,1,0,0,1,0,1,0,0,1,1,0,0,0,1,0,0,1,1,0,0,1,1,1,0,1,1,0,1,0,1,0,0,0,0,1,0,1,1,1,1,1,0,0,0,0,0,0,0,1,0,0,0,1,0,1,0,0,0,1,0,1,1,1,0,0,1]
y_pred: [-0.1577274,3.971198,3.809569,-0.34757695,-0.24426003,-6.2753716,3.7812028,-4.1306868,-17.886843,5.3571606,9.99588,6.2880793,-5.254217,-4.305577,16.564941,4.2219043,3.4317641,-19.448877,0.5878786,-6.0533023,-4.6538625,2.8364446,-7.825824,-3.5551856,6.448096,5.1585937,-3.4939592,-5.2836003,6.793512,-3.152216,5.5831165,-5.792275,8.591373,14.768117,-6.444273,-12.408814,15.721184,-7.195518,7.1533065,-16.401064,-2.9521058,2.8660748,5.662109,-12.1806345,-3.5361452,-8.321375,1.6621188,-5.342186,-5.511395,12.653758,11.608204,-7.341227,-7.61466,15.248725,11.546006,3.0924442,-5.870848,7.312966,5.693779,-14.767233,5.6823406,-7.688316,4.3619113,-8.637095,-5.182012,-12.0984,-6.164174,3.3865669,-4.1109586,1.9993306,4.5917873,4.385414,14.607812,3.7077036,-3.9940405,3.1358414,-7.5454803,-8.287066,-7.8730392,-6.6118884,-5.215079,3.5947142,-6.66456,-4.5971537,-8.868255,6.549124,-10.632123,13.8376875,-11.525544,-4.1858573,-18.713911,3.8922853,-9.368068,7.5714216,5.4262238,17.627195,-1.9163806,-4.9944463,15.510126]
name: meta_stdrFold 5
y_test: [1,1,1,0,1,0,0,0,1,0,0,1,0,1,0,1,0,1,1,0,0,1,1,0,1,1,1,0,0,0,1,1,0,0,0,0,0,1,1,1,0,1,0,1,0,0,0,0,1,1,1,0,0,0,0,0,0,1,1,1,1,1,1,0,0,1,0,1,1,0,0,0,1,1,0,0,0,0,1,0,1,1,0,0,1,0,0,0,0,0,1,1,1,0,0,1,0,0,0]
y_pred: [9.23036,-8.83493,2.90425,-5.286309,-4.4302096,-5.9463854,-6.5663733,-13.310618,-4.007748,6.3327065,-6.406258,10.899729,-12.2717285,6.3355403,-5.9032836,0.85887444,-12.287936,-8.029416,5.6084137,-2.3088071,-10.199927,-2.0260646,2.3668346,-4.011664,-7.1664886,16.333971,2.965774,-10.362543,-10.801224,-6.5684614,36.84505,18.831053,-9.189201,-11.992989,-1.1782978,-9.440451,3.7555199,0.63175017,4.4059806,26.94324,1.2724956,6.8989215,-0.9220808,11.116644,4.535685,40.961266,8.20438,5.1568274,-7.514402,-1.8301634,30.833609,-3.3390005,-7.8057876,-3.8381104,-3.3654132,-14.191102,-8.194258,7.9197903,2.1045992,-5.006715,28.727064,8.281979,-9.269749,-4.9101615,-4.3986907,0.28424868,-9.11706,-1.3870687,-4.440035,3.8034024,-4.5055976,-4.703966,3.176186,-6.2318497,-5.075308,3.7804098,11.674198,-0.8288053,4.4690223,2.5148041,9.260014,-3.542384,2.1496952,-2.4704192,45.745445,-7.2235055,-7.5619903,-2.9592834,-9.670413,-9.258037,11.689736,-4.40531,1.563221,-3.6432323,-12.645896,0.6496913,-7.8679976,3.5325832,9.687598]
name: meta_stdr

Acurácia Média: 0.9334 ± 0.1133

Recall Média: 0.9318 ± 0.1364

Precicion Média: 0.9177 ± 0.1224

F1 Média: 0.9246 ± 0.1291
name: meta_stdFold 1
y_test: [1,0,0,0,1,0,1,1,1,0,0,0,0,1,0,0,1,1,1,1,0,1,0,0,1,0,1,1,1,1,1,0,0,0,0,0,0,0,1,1,0,0,1,1,1,1,0,0,1,0,1,0,0,1,1,0,1,0,0,1,0,0,1,1,0,0,1,0,0,0,0,0,1,1,0,1,0,0,1,0,1,0,0,0,1,1,1,0,0,1,0,1,0,1,0,0,0,0,1,1]
y_pred: [1.6557959,-3.1691833,-2.3797157,0.8432478,5.2769904,-4.587298,0.81278455,0.020561,-0.35670143,-4.0300274,-3.3883684,-6.4732537,-4.795747,1.5522689,-2.3447573,2.6892066,6.5158916,-1.2775315,0.48398322,-0.08694164,-5.5580115,6.165881,-2.7834494,-2.8353024,6.2624125,-1.1308848,3.878211,3.8782053,-0.19191007,1.5146289,5.9707913,0.97203743,-4.230871,-4.702764,-1.9308425,-2.3940666,-12.913494,-4.062359,6.898553,3.2758775,-2.9400015,-0.6863571,2.6083708,1.487836,0.3535148,1.2382135,-5.1033025,0.71444404,-0.610135,-4.768757,2.146967,-3.9016,-3.0589244,-0.8249532,3.867487,-3.4808655,1.4858474,-1.2881024,-1.936192,8.019494,-4.415741,-0.12589835,0.74125946,0.08506898,-3.0836213,-6.0179415,6.2046647,0.40791282,-2.6210427,-4.4487615,0.4438044,-1.113286,1.1130428,0.19858731,-4.7758737,-0.07173557,0.7327303,-0.38855916,1.8565985,-6.717133,0.22237758,-0.4787781,-3.3542278,-2.7710984,4.6797333,-1.4230269,7.0656986,-5.1107783,-3.6429396,1.5031948,-1.7939603,1.9694507,-4.681432,-1.0824544,-3.5030491,-3.08382,-3.9313786,-2.8692472,1.1358409,-0.39867866]
name: meta_stdFold 2
y_test: [1,0,0,0,1,0,0,1,0,0,0,1,1,0,1,0,0,0,0,0,0,0,0,1,1,0,0,1,0,0,0,1,1,1,0,1,0,0,0,0,0,1,1,1,0,1,1,0,0,1,0,1,0,1,0,1,0,0,0,0,0,0,0,1,1,0,1,0,0,1,1,0,1,1,1,1,0,1,1,1,0,1,1,1,0,0,0,1,1,0,1,1,0,0,1,1,1,0,0,1]
y_pred: [3.6661131,-3.300896,-0.49547026,-0.36029515,6.815738,1.751348,-3.5638025,7.546371,-1.4891529,-2.1013587,-2.4388216,3.3174899,-0.37310383,-3.6840317,3.2730057,-0.6627607,-2.0088215,-1.2610775,-2.7587833,-4.244673,-6.8154054,-1.2278271,-1.7949183,9.886043,3.0481732,-4.6409183,1.8047509,-0.303423,-1.3771563,-1.8690273,-0.960843,2.3256419,0.41704425,7.0174427,-2.5816665,3.6803503,-0.05851653,-1.3144557,-0.02566723,-3.50926,-0.76189584,0.70820874,-1.0319642,6.359106,-0.0807732,4.983212,2.1035569,-0.42268494,-5.359247,4.6985416,-2.929931,4.970028,-0.9870286,7.0776205,-0.46086028,-0.4417443,3.1658597,-0.752121,-1.8673886,-1.7909436,-4.3566833,-2.0874794,-5.783391,0.5533432,1.758027,-2.1971297,1.0879214,-5.531884,-1.2310674,2.4917402,5.0145116,-3.5780492,1.6036646,0.13647859,-2.5643215,8.492473,-0.41731027,2.2654238,0.61207825,2.8634956,-3.340711,0.6054413,5.261034,3.2271366,-4.8686585,-4.6561565,-0.31945196,5.4707756,12.937258,-2.4612641,9.459995,4.2275853,-4.0906825,0.34225073,3.8100283,1.6112401,8.791841,-5.3299637,-7.845756,0.6266445]
name: meta_stdFold 3
y_test: [1,1,1,0,0,0,0,0,1,0,0,1,0,0,1,1,1,0,1,0,1,1,1,1,1,0,1,1,1,1,1,0,0,0,1,0,0,0,0,1,1,1,0,1,0,0,1,0,0,1,0,0,1,1,0,0,0,1,1,1,1,1,0,0,0,1,0,0,0,0,1,1,0,0,0,0,0,0,0,1,0,0,0,1,1,1,0,1,0,1,0,0,0,0,0,0,1,1,0,1]
y_pred: [1.64113784e+00,5.56843579e-01,1.86046863e+00,1.36460423e+00,-1.00927636e-01,-2.94625908e-01,2.91698050e+00,-3.30979729e+00,1.11871970e+00,-1.49712467e+00,4.43811655e-01,-9.47111696e-02,-1.38060606e+00,-1.65602028e+00,1.25920129e+00,-9.70622361e-01,6.03828669e-01,-2.19343185e+00,3.74987721e+00,-6.77333891e-01,5.50737083e-01,1.03363311e+00,4.45075321e+00,-3.54967189e+00,2.92466903e+00,-1.29909408e+00,3.67913413e+00,7.79428148e+00,-1.73330605e+00,1.04766595e+00,7.69682527e-02,-1.01644003e+00,-5.00904608e+00,-1.85743356e+00,-5.07474065e-01,-7.87100315e-01,-4.75487173e-01,-1.09602726e+00,-4.68485689e+00,1.00768638e+00,6.32801559e-03,5.25801754e+00,-5.20017290e+00,2.02730894e+00,-5.45516109e+00,-6.99269342e+00,1.90161097e+00,-1.52080131e+00,-2.19228792e+00,9.41050291e-01,-6.44914091e-01,-3.81074518e-01,1.36817276e+00,1.11570150e-01,-5.10034609e+00,-1.04510295e+00,2.42277175e-01,3.83025384e+00,3.29893255e+00,1.05696893e+00,3.88124377e-01,4.55398035e+00,1.19437955e-01,8.53574634e-01,3.97101402e-01,-8.95417482e-02,-1.12024367e+00,-4.16961527e+00,-4.82951021e+00,-3.90079737e+00,2.69556165e+00,8.11954117e+00,1.92896593e+00,-6.01908112e+00,-1.28706670e+00,-4.31793356e+00,-2.56989002e+00,-2.49363852e+00,-6.17065251e-01,1.61670610e-01,-8.79219294e-01,-6.06763601e-01,-4.57154304e-01,1.46406400e+00,2.59039879e+00,7.08581924e+00,-6.39623785e+00,3.45113635e-01,-5.22711563e+00,-3.25420082e-01,-2.66067362e+00,-5.56996226e-01,-7.83015549e-01,-2.02570891e+00,-4.60512543e+00,1.58327296e-01,-1.49648368e+00,1.22091389e+00,-1.49375510e+00,2.47882462e+00]
name: meta_stdFold 4
y_test: [0,1,1,0,0,0,1,0,0,1,1,1,0,0,1,1,1,0,1,0,0,1,0,0,1,1,0,0,1,0,1,0,1,1,0,0,1,0,1,0,0,1,1,0,0,0,1,0,0,1,1,0,0,1,1,1,0,1,1,0,1,0,1,0,0,0,0,1,0,1,1,1,1,1,0,0,0,0,0,0,0,1,0,0,0,1,0,1,0,0,0,1,0,1,1,1,0,0,1]
y_pred: [-0.3734924,-0.2869075,-0.41322285,-0.36073536,-0.59424055,-1.4493864,2.6952555,-2.874735,-6.3396564,0.09819682,1.9495283,0.18923122,-2.9606643,-5.136143,3.7756217,0.8783025,1.6532314,-4.6716714,-3.2208934,-7.278677,-1.378888,-0.18326257,-1.9108251,-0.33049184,0.38719875,0.0887759,-1.2063184,-4.573047,2.9356198,-2.5073013,1.6256112,-2.3591692,1.430985,0.89217204,-2.30493,-3.339814,2.9919918,-4.802689,0.25715014,-2.265741,-1.0962276,0.32883486,0.9542749,-9.565424,1.0735116,-6.731611,-1.4478583,0.5342793,-3.2254362,4.1783547,3.5984197,-0.09398537,0.29032412,2.2660298,1.9140958,0.57126325,-4.5276976,0.18510981,1.7500314,-2.2233896,2.8584754,-1.1437936,2.1381102,-6.095167,-0.12301534,-6.453035,-3.5663166,0.10462436,-4.4502835,-0.13706163,2.5921273,1.4630725,4.5108695,0.84731257,1.0956573,0.43622863,-3.6410527,-3.4679818,-4.25476,-6.409325,-0.90537584,1.9128157,-6.6746473,-1.5217127,-1.9041077,0.75985324,-8.346954,8.453374,-3.7209187,-1.2470579,-1.439153,1.8021294,-0.5847984,0.524357,-3.1335616,4.492374,-3.8864565,-3.7981317,4.3351603]
name: meta_stdFold 5
y_test: [1,1,1,0,1,0,0,0,1,0,0,1,0,1,0,1,0,1,1,0,0,1,1,0,1,1,1,0,0,0,1,1,0,0,0,0,0,1,1,1,0,1,0,1,0,0,0,0,1,1,1,0,0,0,0,0,0,1,1,1,1,1,1,0,0,1,0,1,1,0,0,0,1,1,0,0,0,0,1,0,1,1,0,0,1,0,0,0,0,0,1,1,1,0,0,1,0,0,0]
y_pred: [9.395821,0.2833574,0.96172935,-0.40236792,0.0292194,-2.957754,-2.8124793,-0.81332994,-3.7283723,-2.5160077,-2.69622,-0.33374637,-9.43805,0.47911316,0.18702088,-0.667641,-7.259881,-0.9841438,0.76618254,-0.09546898,-0.5713063,0.77961373,-4.4706235,-1.3060212,-6.0639534,0.40448463,-1.4775409,-6.0402393,-9.559288,-1.9278126,8.668626,0.75773406,-1.4003392,-1.2515707,1.374057,-0.93293583,-1.9889712,0.5595078,0.1448531,6.8640914,-0.63667214,3.6295054,-2.1875818,2.9148383,-0.64991695,7.5728583,3.0878258,-2.247101,0.15051487,0.7261243,7.632935,-0.873155,-3.2878046,-1.7430304,-2.2170115,-7.004259,-1.6516843,2.0795813,5.985383,-3.434895,2.8906004,0.7146198,-2.5756714,-0.7941852,0.2408991,0.92592555,-2.5134368,0.3160091,-0.45352915,-3.2362237,-0.17726032,-0.50106025,-3.8631182,0.38843423,-6.088863,-3.7345145,-0.17001383,-0.25768933,-0.9927093,0.19496773,4.8271666,-2.1089864,-0.7462515,-0.7172495,4.711652,-2.4198296,-2.2625844,-0.19775225,-3.7973964,-3.133898,3.6188447,0.3879263,1.3180859,-2.5944457,-1.8424786,-2.0077333,-4.325544,0.04424364,-0.09581768]
name: meta_std

Acurácia Média: 0.8473 ± 0.0425

Recall Média: 0.8030 ± 0.0704

Precicion Média: 0.8482 ± 0.0413

F1 Média: 0.8242 ± 0.0541,